19	PLD	1	100	1	1	20	30	34	38	56	57	58	59	60
20	MNK	1	110	2	1	21	30	34	41	65	84	102
21	WAR	1	105	1	1	22	30	34	44	59	60
22	DRG	1	115	2	1	23	30	34	47	60	76	84
23	BRD	2	115	3	1	24	30	34	50	66	105
24	WHM	5	115	4	1	25	31	34	53	56	58	64
25	BLM	4	115	3	1	26	31	34	55	56	57	63
27	SMN	4	115	3	1	28	31	34	63	68	69
28	SCH	5	115	4	1	29	31	34	64	68
30	NIN	2	110	2	1	30	34	92	93	102	103	105
31	MCH	2	115	3	1	30	34	66	96	105
32	DRK	1	105	1	1	30	34	59	60	98
33	AST	5	115	4	1	31	34	64	99
34	SAM	1	112	2	1	30	34	65	84	102	111
35	RDM	4	115	3	1	31	34	63	112
37	GNB	1	100	1	1	30	34	59	60	149
38	DNC	2	115	3	1	30	34	66	105	150
39	RPR	1	115	2	1	30	34	60	76	84	180
40	SGE	5	115	4	1	31	34	64	181
41	VPR	2	110	2	1	30	34	102	103	105	196
42	PCT	4	115	3	1	31	34	63	197
