1
1
1
1
1
1
1
1
1
1
1
1
1
1
1
1
1
1.0004871685134356
1.0004871685134356
1.0004871685134356
1.0004871685134356
1.0004871685134356
1.0004871685134356
1.0004871685134356
1.0004871685134356
1.0004871685134356
1.0004871685134356
1.0004871685134356
1.0004871685134356
1.0004871685134356
1.0004871685134356
1.0004871685134356
1.0004871685134356
1.0009761704434563
1.0009761704434563
1.0009761704434563
1.0009761704434563
1.0009761704434563
1.0009761704434563
1.0009761704434563
1.0009761704434563
1.0009761704434563
1.0009761704434563
1.0009761704434563
1.0009761704434563
1.0009761704434563
1.0009761704434563
1.0009761704434563
1.0009761704434563
1.0009761704434563
1.0014670057900628
1.0014670057900628
1.0014670057900628
1.0014670057900628
1.0014670057900628
1.0014670057900628
1.0014670057900628
1.0014670057900628
1.0014670057900628
1.0014670057900628
1.0014670057900628
1.0014670057900628
1.0014670057900628
1.0014670057900628
1.0014670057900628
1.0014670057900628
1.0019596745532575
1.0019596745532575
1.0019596745532575
1.0019596745532575
1.0019596745532575
1.0019596745532575
1.0019596745532575
1.0019596745532575
1.0019596745532575
1.0019596745532575
1.0019596745532575
1.0019596745532575
1.0019596745532575
1.0019596745532575
1.0019596745532575
1.0019596745532575
1.0019596745532575
1.0024541767330375
1.0024541767330375
1.0024541767330375
1.0024541767330375
1.0024541767330375
1.0024541767330375
1.0024541767330375
1.0024541767330375
1.0024541767330375
1.0024541767330375
1.0024541767330375
1.0024541767330375
1.0024541767330375
1.0024541767330375
1.0024541767330375
1.0024541767330375
1.0029505123294036
1.0029505123294036
1.0029505123294036
1.0029505123294036
1.0029505123294036
1.0029505123294036
1.0029505123294036
1.0029505123294036
1.0029505123294036
1.0029505123294036
1.0029505123294036
1.0029505123294036
1.0029505123294036
1.0029505123294036
1.0029505123294036
1.0029505123294036
1.0029505123294036
1.0034486813423575
1.0034486813423575
1.0034486813423575
1.0034486813423575
1.0034486813423575
1.0034486813423575
1.0034486813423575
1.0034486813423575
1.0034486813423575
1.0034486813423575
1.0034486813423575
1.0034486813423575
1.0034486813423575
1.0034486813423575
1.0034486813423575
1.0034486813423575
1.003948683771896
1.003948683771896
1.003948683771896
1.003948683771896
1.003948683771896
1.003948683771896
1.003948683771896
1.003948683771896
1.003948683771896
1.003948683771896
1.003948683771896
1.003948683771896
1.003948683771896
1.003948683771896
1.003948683771896
1.003948683771896
1.003948683771896
1.004450519618021
1.004450519618021
1.004450519618021
1.004450519618021
1.004450519618021
1.004450519618021
1.004450519618021
1.004450519618021
1.004450519618021
1.004450519618021
1.004450519618021
1.004450519618021
1.004450519618021
1.004450519618021
1.004450519618021
1.004450519618021
1.0049541888807312
1.0049541888807312
1.0049541888807312
1.0049541888807312
1.0049541888807312
1.0049541888807312
1.0049541888807312
1.0049541888807312
1.0049541888807312
1.0049541888807312
1.0049541888807312
1.0049541888807312
1.0049541888807312
1.0049541888807312
1.0049541888807312
1.0049541888807312
1.0049541888807312
1.0054596915600298
1.0054596915600298
1.0054596915600298
1.0054596915600298
1.0054596915600298
1.0054596915600298
1.0054596915600298
1.0054596915600298
1.0054596915600298
1.0054596915600298
1.0054596915600298
1.0054596915600298
1.0054596915600298
1.0054596915600298
1.0054596915600298
1.0054596915600298
1.005967027655914
1.005967027655914
1.005967027655914
1.005967027655914
1.005967027655914
1.005967027655914
1.005967027655914
1.005967027655914
1.005967027655914
1.005967027655914
1.005967027655914
1.005967027655914
1.005967027655914
1.005967027655914
1.005967027655914
1.005967027655914
1.005967027655914
1.0064761971683827
1.0064761971683827
1.0064761971683827
1.0064761971683827
1.0064761971683827
1.0064761971683827
1.0064761971683827
1.0064761971683827
1.0064761971683827
1.0064761971683827
1.0064761971683827
1.0064761971683827
1.0064761971683827
1.0064761971683827
1.0064761971683827
1.0064761971683827
1.006987200097441
1.006987200097441
1.006987200097441
1.006987200097441
1.006987200097441
1.006987200097441
1.006987200097441
1.006987200097441
1.006987200097441
1.006987200097441
1.006987200097441
1.006987200097441
1.006987200097441
1.006987200097441
1.006987200097441
1.006987200097441
1.006987200097441
1.0075000364430842
1.0075000364430842
1.0075000364430842
1.0075000364430842
1.0075000364430842
1.0075000364430842
1.0075000364430842
1.0075000364430842
1.0075000364430842
1.0075000364430842
1.0075000364430842
1.0075000364430842
1.0075000364430842
1.0075000364430842
1.0075000364430842
1.0075000364430842
1.0080147062053122
1.0080147062053122
1.0080147062053122
1.0080147062053122
1.0080147062053122
1.0080147062053122
1.0080147062053122
1.0080147062053122
1.0080147062053122
1.0080147062053122
1.0080147062053122
1.0080147062053122
1.0080147062053122
1.0080147062053122
1.0080147062053122
1.0080147062053122
1.0080147062053122
1.0085312093841279
1.0085312093841279
1.0085312093841279
1.0085312093841279
1.0085312093841279
1.0085312093841279
1.0085312093841279
1.0085312093841279
1.0085312093841279
1.0085312093841279
1.0085312093841279
1.0085312093841279
1.0085312093841279
1.0085312093841279
1.0085312093841279
1.0085312093841279
1.0090495459795306
1.0090495459795306
1.0090495459795306
1.0090495459795306
1.0090495459795306
1.0090495459795306
1.0090495459795306
1.0090495459795306
1.0090495459795306
1.0090495459795306
1.0090495459795306
1.0090495459795306
1.0090495459795306
1.0090495459795306
1.0090495459795306
1.0090495459795306
1.0090495459795306
1.009569715991518
1.009569715991518
1.009569715991518
1.009569715991518
1.009569715991518
1.009569715991518
1.009569715991518
1.009569715991518
1.009569715991518
1.009569715991518
1.009569715991518
1.009569715991518
1.009569715991518
1.009569715991518
1.009569715991518
1.009569715991518
1.0100917194200922
1.0100917194200922
1.0100917194200922
1.0100917194200922
1.0100917194200922
1.0100917194200922
1.0100917194200922
1.0100917194200922
1.0100917194200922
1.0100917194200922
1.0100917194200922
1.0100917194200922
1.0100917194200922
1.0100917194200922
1.0100917194200922
1.0100917194200922
1.0100917194200922
1.0106155562652535
1.0106155562652535
1.0106155562652535
1.0106155562652535
1.0106155562652535
1.0106155562652535
1.0106155562652535
1.0106155562652535
1.0106155562652535
1.0106155562652535
1.0106155562652535
1.0106155562652535
1.0106155562652535
1.0106155562652535
1.0106155562652535
1.0106155562652535
1.0111412265270001
1.0111412265270001
1.0111412265270001
1.0111412265270001
1.0111412265270001
1.0111412265270001
1.0111412265270001
1.0111412265270001
1.0111412265270001
1.0111412265270001
1.0111412265270001
1.0111412265270001
1.0111412265270001
1.0111412265270001
1.0111412265270001
1.0111412265270001
1.0111412265270001
1.011668730205334
1.011668730205334
1.011668730205334
1.011668730205334
1.011668730205334
1.011668730205334
1.011668730205334
1.011668730205334
1.011668730205334
1.011668730205334
1.011668730205334
1.011668730205334
1.011668730205334
1.011668730205334
1.011668730205334
1.011668730205334
1.0121980673002522
1.0121980673002522
1.0121980673002522
1.0121980673002522
1.0121980673002522
1.0121980673002522
1.0121980673002522
1.0121980673002522
1.0121980673002522
1.0121980673002522
1.0121980673002522
1.0121980673002522
1.0121980673002522
1.0121980673002522
1.0121980673002522
1.0121980673002522
1.0121980673002522
1.0127292378117585
1.0127292378117585
1.0127292378117585
1.0127292378117585
1.0127292378117585
1.0127292378117585
1.0127292378117585
1.0127292378117585
1.0127292378117585
1.0127292378117585
1.0127292378117585
1.0127292378117585
1.0127292378117585
1.0127292378117585
1.0127292378117585
1.0127292378117585
1.013262241739851
1.013262241739851
1.013262241739851
1.013262241739851
1.013262241739851
1.013262241739851
1.013262241739851
1.013262241739851
1.013262241739851
1.013262241739851
1.013262241739851
1.013262241739851
1.013262241739851
1.013262241739851
1.013262241739851
1.013262241739851
1.013262241739851
1.0137970790845294
1.0137970790845294
1.0137970790845294
1.0137970790845294
1.0137970790845294
1.0137970790845294
1.0137970790845294
1.0137970790845294
1.0137970790845294
1.0137970790845294
1.0137970790845294
1.0137970790845294
1.0137970790845294
1.0137970790845294
1.0137970790845294
1.0137970790845294
1.014333749845795
1.014333749845795
1.014333749845795
1.014333749845795
1.014333749845795
1.014333749845795
1.014333749845795
1.014333749845795
1.014333749845795
1.014333749845795
1.014333749845795
1.014333749845795
1.014333749845795
1.014333749845795
1.014333749845795
1.014333749845795
1.014333749845795
1.0148722540236461
1.0148722540236461
1.0148722540236461
1.0148722540236461
1.0148722540236461
1.0148722540236461
1.0148722540236461
1.0148722540236461
1.0148722540236461
1.0148722540236461
1.0148722540236461
1.0148722540236461
1.0148722540236461
1.0148722540236461
1.0148722540236461
1.0148722540236461
1.015412591618084
1.015412591618084
1.015412591618084
1.015412591618084
1.015412591618084
1.015412591618084
1.015412591618084
1.015412591618084
1.015412591618084
1.015412591618084
1.015412591618084
1.015412591618084
1.015412591618084
1.015412591618084
1.015412591618084
1.015412591618084
1.015412591618084
1.0159547626291083
1.0159547626291083
1.0159547626291083
1.0159547626291083
1.0159547626291083
1.0159547626291083
1.0159547626291083
1.0159547626291083
1.0159547626291083
1.0159547626291083
1.0159547626291083
1.0159547626291083
1.0159547626291083
1.0159547626291083
1.0159547626291083
1.0159547626291083
1.0164987670567167
1.0164987670567167
1.0164987670567167
1.0164987670567167
1.0164987670567167
1.0164987670567167
1.0164987670567167
1.0164987670567167
1.0164987670567167
1.0164987670567167
1.0164987670567167
1.0164987670567167
1.0164987670567167
1.0164987670567167
1.0164987670567167
1.0164987670567167
1.0164987670567167
1.0170446049009128
1.0170446049009128
1.0170446049009128
1.0170446049009128
1.0170446049009128
1.0170446049009128
1.0170446049009128
1.0170446049009128
1.0170446049009128
1.0170446049009128
1.0170446049009128
1.0170446049009128
1.0170446049009128
1.0170446049009128
1.0170446049009128
1.0170446049009128
1.0175922761616967
1.0175922761616967
1.0175922761616967
1.0175922761616967
1.0175922761616967
1.0175922761616967
1.0175922761616967
1.0175922761616967
1.0175922761616967
1.0175922761616967
1.0175922761616967
1.0175922761616967
1.0175922761616967
1.0175922761616967
1.0175922761616967
1.0175922761616967
1.0175922761616967
1.018141780839065
1.018141780839065
1.018141780839065
1.018141780839065
1.018141780839065
1.018141780839065
1.018141780839065
1.018141780839065
1.018141780839065
1.018141780839065
1.018141780839065
1.018141780839065
1.018141780839065
1.018141780839065
1.018141780839065
1.018141780839065
1.018693118933019
1.018693118933019
1.018693118933019
1.018693118933019
1.018693118933019
1.018693118933019
1.018693118933019
1.018693118933019
1.018693118933019
1.018693118933019
1.018693118933019
1.018693118933019
1.018693118933019
1.018693118933019
1.018693118933019
1.018693118933019
1.018693118933019
1.019246290443563
1.019246290443563
1.019246290443563
1.019246290443563
1.019246290443563
1.019246290443563
1.019246290443563
1.019246290443563
1.019246290443563
1.019246290443563
1.019246290443563
1.019246290443563
1.019246290443563
1.019246290443563
1.019246290443563
1.019246290443563
1.0198012953706896
1.0198012953706896
1.0198012953706896
1.0198012953706896
1.0198012953706896
1.0198012953706896
1.0198012953706896
1.0198012953706896
1.0198012953706896
1.0198012953706896
1.0198012953706896
1.0198012953706896
1.0198012953706896
1.0198012953706896
1.0198012953706896
1.0198012953706896
1.0198012953706896
1.020358133714404
1.020358133714404
1.020358133714404
1.020358133714404
1.020358133714404
1.020358133714404
1.020358133714404
1.020358133714404
1.020358133714404
1.020358133714404
1.020358133714404
1.020358133714404
1.020358133714404
1.020358133714404
1.020358133714404
1.020358133714404
1.0209168054747022
1.0209168054747022
1.0209168054747022
1.0209168054747022
1.0209168054747022
1.0209168054747022
1.0209168054747022
1.0209168054747022
1.0209168054747022
1.0209168054747022
1.0209168054747022
1.0209168054747022
1.0209168054747022
1.0209168054747022
1.0209168054747022
1.0209168054747022
1.0209168054747022
1.0214773106515889
1.0214773106515889
1.0214773106515889
1.0214773106515889
1.0214773106515889
1.0214773106515889
1.0214773106515889
1.0214773106515889
1.0214773106515889
1.0214773106515889
1.0214773106515889
1.0214773106515889
1.0214773106515889
1.0214773106515889
1.0214773106515889
1.0214773106515889
1.0220396492450643
1.0220396492450643
1.0220396492450643
1.0220396492450643
1.0220396492450643
1.0220396492450643
1.0220396492450643
1.0220396492450643
1.0220396492450643
1.0220396492450643
1.0220396492450643
1.0220396492450643
1.0220396492450643
1.0220396492450643
1.0220396492450643
1.0220396492450643
1.0220396492450643
1.0226038212551234
1.0226038212551234
1.0226038212551234
1.0226038212551234
1.0226038212551234
1.0226038212551234
1.0226038212551234
1.0226038212551234
1.0226038212551234
1.0226038212551234
1.0226038212551234
1.0226038212551234
1.0226038212551234
1.0226038212551234
1.0226038212551234
1.0226038212551234
1.023169826681769
1.023169826681769
1.023169826681769
1.023169826681769
1.023169826681769
1.023169826681769
1.023169826681769
1.023169826681769
1.023169826681769
1.023169826681769
1.023169826681769
1.023169826681769
1.023169826681769
1.023169826681769
1.023169826681769
1.023169826681769
1.023169826681769
1.0237376655250003
1.0237376655250003
1.0237376655250003
1.0237376655250003
1.0237376655250003
1.0237376655250003
1.0237376655250003
1.0237376655250003
1.0237376655250003
1.0237376655250003
1.0237376655250003
1.0237376655250003
1.0237376655250003
1.0237376655250003
1.0237376655250003
1.0237376655250003
1.0243073377848182
1.0243073377848182
1.0243073377848182
1.0243073377848182
1.0243073377848182
1.0243073377848182
1.0243073377848182
1.0243073377848182
1.0243073377848182
1.0243073377848182
1.0243073377848182
1.0243073377848182
1.0243073377848182
1.0243073377848182
1.0243073377848182
1.0243073377848182
1.0243073377848182
1.0248788434612233
1.0248788434612233
1.0248788434612233
1.0248788434612233
1.0248788434612233
1.0248788434612233
1.0248788434612233
1.0248788434612233
1.0248788434612233
1.0248788434612233
1.0248788434612233
1.0248788434612233
1.0248788434612233
1.0248788434612233
1.0248788434612233
1.0248788434612233
1.0254521825542124
1.0254521825542124
1.0254521825542124
1.0254521825542124
1.0254521825542124
1.0254521825542124
1.0254521825542124
1.0254521825542124
1.0254521825542124
1.0254521825542124
1.0254521825542124
1.0254521825542124
1.0254521825542124
1.0254521825542124
1.0254521825542124
1.0254521825542124
1.0254521825542124
1.0260273550637897
1.0260273550637897
1.0260273550637897
1.0260273550637897
1.0260273550637897
1.0260273550637897
1.0260273550637897
1.0260273550637897
1.0260273550637897
1.0260273550637897
1.0260273550637897
1.0260273550637897
1.0260273550637897
1.0260273550637897
1.0260273550637897
1.0260273550637897
1.026604360989954
1.026604360989954
1.026604360989954
1.026604360989954
1.026604360989954
1.026604360989954
1.026604360989954
1.026604360989954
1.026604360989954
1.026604360989954
1.026604360989954
1.026604360989954
1.026604360989954
1.026604360989954
1.026604360989954
1.026604360989954
1.026604360989954
1.0271832003327028
1.0271832003327028
1.0271832003327028
1.0271832003327028
1.0271832003327028
1.0271832003327028
1.0271832003327028
1.0271832003327028
1.0271832003327028
1.0271832003327028
1.0271832003327028
1.0271832003327028
1.0271832003327028
1.0271832003327028
1.0271832003327028
1.0271832003327028
1.0277638730920384
1.0277638730920384
1.0277638730920384
1.0277638730920384
1.0277638730920384
1.0277638730920384
1.0277638730920384
1.0277638730920384
1.0277638730920384
1.0277638730920384
1.0277638730920384
1.0277638730920384
1.0277638730920384
1.0277638730920384
1.0277638730920384
1.0277638730920384
1.0277638730920384
1.028346379267961
1.028346379267961
1.028346379267961
1.028346379267961
1.028346379267961
1.028346379267961
1.028346379267961
1.028346379267961
1.028346379267961
1.028346379267961
1.028346379267961
1.028346379267961
1.028346379267961
1.028346379267961
1.028346379267961
1.028346379267961
1.0289307188604693
1.0289307188604693
1.0289307188604693
1.0289307188604693
1.0289307188604693
1.0289307188604693
1.0289307188604693
1.0289307188604693
1.0289307188604693
1.0289307188604693
1.0289307188604693
1.0289307188604693
1.0289307188604693
1.0289307188604693
1.0289307188604693
1.0289307188604693
1.0289307188604693
1.0295168918695619
1.0295168918695619
1.0295168918695619
1.0295168918695619
1.0295168918695619
1.0295168918695619
1.0295168918695619
1.0295168918695619
1.0295168918695619
1.0295168918695619
1.0295168918695619
1.0295168918695619
1.0295168918695619
1.0295168918695619
1.0295168918695619
1.0295168918695619
1.030104898295245
1.030104898295245
1.030104898295245
1.030104898295245
1.030104898295245
1.030104898295245
1.030104898295245
1.030104898295245
1.030104898295245
1.030104898295245
1.030104898295245
1.030104898295245
1.030104898295245
1.030104898295245
1.030104898295245
1.030104898295245
1.030104898295245
1.0306947381375118
1.0306947381375118
1.0306947381375118
1.0306947381375118
1.0306947381375118
1.0306947381375118
1.0306947381375118
1.0306947381375118
1.0306947381375118
1.0306947381375118
1.0306947381375118
1.0306947381375118
1.0306947381375118
1.0306947381375118
1.0306947381375118
1.0306947381375118
1.0312864113963653
1.0312864113963653
1.0312864113963653
1.0312864113963653
1.0312864113963653
1.0312864113963653
1.0312864113963653
1.0312864113963653
1.0312864113963653
1.0312864113963653
1.0312864113963653
1.0312864113963653
1.0312864113963653
1.0312864113963653
1.0312864113963653
1.0312864113963653
1.0312864113963653
1.031879918071806
1.031879918071806
1.031879918071806
1.031879918071806
1.031879918071806
1.031879918071806
1.031879918071806
1.031879918071806
1.031879918071806
1.031879918071806
1.031879918071806
1.031879918071806
1.031879918071806
1.031879918071806
1.031879918071806
1.031879918071806
1.0324752581638321
1.0324752581638321
1.0324752581638321
1.0324752581638321
1.0324752581638321
1.0324752581638321
1.0324752581638321
1.0324752581638321
1.0324752581638321
1.0324752581638321
1.0324752581638321
1.0324752581638321
1.0324752581638321
1.0324752581638321
1.0324752581638321
1.0324752581638321
1.0324752581638321
1.033072431672444
1.033072431672444
1.033072431672444
1.033072431672444
1.033072431672444
1.033072431672444
1.033072431672444
1.033072431672444
1.033072431672444
1.033072431672444
1.033072431672444
1.033072431672444
1.033072431672444
1.033072431672444
1.033072431672444
1.033072431672444
1.033671438597643
1.033671438597643
1.033671438597643
1.033671438597643
1.033671438597643
1.033671438597643
1.033671438597643
1.033671438597643
1.033671438597643
1.033671438597643
1.033671438597643
1.033671438597643
1.033671438597643
1.033671438597643
1.033671438597643
1.033671438597643
1.033671438597643
1.034272278939427
1.034272278939427
1.034272278939427
1.034272278939427
1.034272278939427
1.034272278939427
1.034272278939427
1.034272278939427
1.034272278939427
1.034272278939427
1.034272278939427
1.034272278939427
1.034272278939427
1.034272278939427
1.034272278939427
1.034272278939427
1.0348749526978005
1.0348749526978005
1.0348749526978005
1.0348749526978005
1.0348749526978005
1.0348749526978005
1.0348749526978005
1.0348749526978005
1.0348749526978005
1.0348749526978005
1.0348749526978005
1.0348749526978005
1.0348749526978005
1.0348749526978005
1.0348749526978005
1.0348749526978005
1.0348749526978005
1.0354794598727584
1.0354794598727584
1.0354794598727584
1.0354794598727584
1.0354794598727584
1.0354794598727584
1.0354794598727584
1.0354794598727584
1.0354794598727584
1.0354794598727584
1.0354794598727584
1.0354794598727584
1.0354794598727584
1.0354794598727584
1.0354794598727584
1.0354794598727584
1.0360858004643032
1.0360858004643032
1.0360858004643032
1.0360858004643032
1.0360858004643032
1.0360858004643032
1.0360858004643032
1.0360858004643032
1.0360858004643032
1.0360858004643032
1.0360858004643032
1.0360858004643032
1.0360858004643032
1.0360858004643032
1.0360858004643032
1.0360858004643032
1.0360858004643032
1.0366939744724315
1.0366939744724315
1.0366939744724315
1.0366939744724315
1.0366939744724315
1.0366939744724315
1.0366939744724315
1.0366939744724315
1.0366939744724315
1.0366939744724315
1.0366939744724315
1.0366939744724315
1.0366939744724315
1.0366939744724315
1.0366939744724315
1.0366939744724315
1.0373039818971468
1.0373039818971468
1.0373039818971468
1.0373039818971468
1.0373039818971468
1.0373039818971468
1.0373039818971468
1.0373039818971468
1.0373039818971468
1.0373039818971468
1.0373039818971468
1.0373039818971468
1.0373039818971468
1.0373039818971468
1.0373039818971468
1.0373039818971468
1.0373039818971468
1.037915822738451
1.037915822738451
1.037915822738451
1.037915822738451
1.037915822738451
1.037915822738451
1.037915822738451
1.037915822738451
1.037915822738451
1.037915822738451
1.037915822738451
1.037915822738451
1.037915822738451
1.037915822738451
1.037915822738451
1.037915822738451
1.0385294969963386
1.0385294969963386
1.0385294969963386
1.0385294969963386
1.0385294969963386
1.0385294969963386
1.0385294969963386
1.0385294969963386
1.0385294969963386
1.0385294969963386
1.0385294969963386
1.0385294969963386
1.0385294969963386
1.0385294969963386
1.0385294969963386
1.0385294969963386
1.0385294969963386
1.0391450046708148
1.0391450046708148
1.0391450046708148
1.0391450046708148
1.0391450046708148
1.0391450046708148
1.0391450046708148
1.0391450046708148
1.0391450046708148
1.0391450046708148
1.0391450046708148
1.0391450046708148
1.0391450046708148
1.0391450046708148
1.0391450046708148
1.0391450046708148
1.0397623457618772
1.0397623457618772
1.0397623457618772
1.0397623457618772
1.0397623457618772
1.0397623457618772
1.0397623457618772
1.0397623457618772
1.0397623457618772
1.0397623457618772
1.0397623457618772
1.0397623457618772
1.0397623457618772
1.0397623457618772
1.0397623457618772
1.0397623457618772
1.0397623457618772
1.0403815202695261
1.0403815202695261
1.0403815202695261
1.0403815202695261
1.0403815202695261
1.0403815202695261
1.0403815202695261
1.0403815202695261
1.0403815202695261
1.0403815202695261
1.0403815202695261
1.0403815202695261
1.0403815202695261
1.0403815202695261
1.0403815202695261
1.0403815202695261
1.041002528193761
1.041002528193761
1.041002528193761
1.041002528193761
1.041002528193761
1.041002528193761
1.041002528193761
1.041002528193761
1.041002528193761
1.041002528193761
1.041002528193761
1.041002528193761
1.041002528193761
1.041002528193761
1.041002528193761
1.041002528193761
1.041002528193761
1.041625369534581
1.041625369534581
1.041625369534581
1.041625369534581
1.041625369534581
1.041625369534581
1.041625369534581
1.041625369534581
1.041625369534581
1.041625369534581
1.041625369534581
1.041625369534581
1.041625369534581
1.041625369534581
1.041625369534581
1.041625369534581
1.0422500442919875
1.0422500442919875
1.0422500442919875
1.0422500442919875
1.0422500442919875
1.0422500442919875
1.0422500442919875
1.0422500442919875
1.0422500442919875
1.0422500442919875
1.0422500442919875
1.0422500442919875
1.0422500442919875
1.0422500442919875
1.0422500442919875
1.0422500442919875
1.0422500442919875
1.0428765524659807
1.0428765524659807
1.0428765524659807
1.0428765524659807
1.0428765524659807
1.0428765524659807
1.0428765524659807
1.0428765524659807
1.0428765524659807
1.0428765524659807
1.0428765524659807
1.0428765524659807
1.0428765524659807
1.0428765524659807
1.0428765524659807
1.0428765524659807
1.043504894056559
1.043504894056559
1.043504894056559
1.043504894056559
1.043504894056559
1.043504894056559
1.043504894056559
1.043504894056559
1.043504894056559
1.043504894056559
1.043504894056559
1.043504894056559
1.043504894056559
1.043504894056559
1.043504894056559
1.043504894056559
1.043504894056559
1.0441350690637257
1.0441350690637257
1.0441350690637257
1.0441350690637257
1.0441350690637257
1.0441350690637257
1.0441350690637257
1.0441350690637257
1.0441350690637257
1.0441350690637257
1.0441350690637257
1.0441350690637257
1.0441350690637257
1.0441350690637257
1.0441350690637257
1.0441350690637257
1.0447670774874787
1.0447670774874787
1.0447670774874787
1.0447670774874787
1.0447670774874787
1.0447670774874787
1.0447670774874787
1.0447670774874787
1.0447670774874787
1.0447670774874787
1.0447670774874787
1.0447670774874787
1.0447670774874787
1.0447670774874787
1.0447670774874787
1.0447670774874787
1.0447670774874787
1.0454009193278166
1.0454009193278166
1.0454009193278166
1.0454009193278166
1.0454009193278166
1.0454009193278166
1.0454009193278166
1.0454009193278166
1.0454009193278166
1.0454009193278166
1.0454009193278166
1.0454009193278166
1.0454009193278166
1.0454009193278166
1.0454009193278166
1.0454009193278166
1.0460365945847416
1.0460365945847416
1.0460365945847416
1.0460365945847416
1.0460365945847416
1.0460365945847416
1.0460365945847416
1.0460365945847416
1.0460365945847416
1.0460365945847416
1.0460365945847416
1.0460365945847416
1.0460365945847416
1.0460365945847416
1.0460365945847416
1.0460365945847416
1.0460365945847416
1.0466741032582507
1.0466741032582507
1.0466741032582507
1.0466741032582507
1.0466741032582507
1.0466741032582507
1.0466741032582507
1.0466741032582507
1.0466741032582507
1.0466741032582507
1.0466741032582507
1.0466741032582507
1.0466741032582507
1.0466741032582507
1.0466741032582507
1.0466741032582507
1.0473134453483488
1.0473134453483488
1.0473134453483488
1.0473134453483488
1.0473134453483488
1.0473134453483488
1.0473134453483488
1.0473134453483488
1.0473134453483488
1.0473134453483488
1.0473134453483488
1.0473134453483488
1.0473134453483488
1.0473134453483488
1.0473134453483488
1.0473134453483488
1.0473134453483488
1.0479546208550325
1.0479546208550325
1.0479546208550325
1.0479546208550325
1.0479546208550325
1.0479546208550325
1.0479546208550325
1.0479546208550325
1.0479546208550325
1.0479546208550325
1.0479546208550325
1.0479546208550325
1.0479546208550325
1.0479546208550325
1.0479546208550325
1.0479546208550325
1.0485976297783026
1.0485976297783026
1.0485976297783026
1.0485976297783026
1.0485976297783026
1.0485976297783026
1.0485976297783026
1.0485976297783026
1.0485976297783026
1.0485976297783026
1.0485976297783026
1.0485976297783026
1.0485976297783026
1.0485976297783026
1.0485976297783026
1.0485976297783026
1.0485976297783026
1.049242472118159
1.049242472118159
1.049242472118159
1.049242472118159
1.049242472118159
1.049242472118159
1.049242472118159
1.049242472118159
1.049242472118159
1.049242472118159
1.049242472118159
1.049242472118159
1.049242472118159
1.049242472118159
1.049242472118159
1.049242472118159
1.0498891478746015
1.0498891478746015
1.0498891478746015
1.0498891478746015
1.0498891478746015
1.0498891478746015
1.0498891478746015
1.0498891478746015
1.0498891478746015
1.0498891478746015
1.0498891478746015
1.0498891478746015
1.0498891478746015
1.0498891478746015
1.0498891478746015
1.0498891478746015
1.0498891478746015
1.0505376570476306
1.0505376570476306
1.0505376570476306
1.0505376570476306
1.0505376570476306
1.0505376570476306
1.0505376570476306
1.0505376570476306
1.0505376570476306
1.0505376570476306
1.0505376570476306
1.0505376570476306
1.0505376570476306
1.0505376570476306
1.0505376570476306
1.0505376570476306
1.0511879996372444
1.0511879996372444
1.0511879996372444
1.0511879996372444
1.0511879996372444
1.0511879996372444
1.0511879996372444
1.0511879996372444
1.0511879996372444
1.0511879996372444
1.0511879996372444
1.0511879996372444
1.0511879996372444
1.0511879996372444
1.0511879996372444
1.0511879996372444
1.0511879996372444
1.0518401756434477
1.0518401756434477
1.0518401756434477
1.0518401756434477
1.0518401756434477
1.0518401756434477
1.0518401756434477
1.0518401756434477
1.0518401756434477
1.0518401756434477
1.0518401756434477
1.0518401756434477
1.0518401756434477
1.0518401756434477
1.0518401756434477
1.0518401756434477
1.0524941850662342
1.0524941850662342
1.0524941850662342
1.0524941850662342
1.0524941850662342
1.0524941850662342
1.0524941850662342
1.0524941850662342
1.0524941850662342
1.0524941850662342
1.0524941850662342
1.0524941850662342
1.0524941850662342
1.0524941850662342
1.0524941850662342
1.0524941850662342
1.0524941850662342
1.0531500279056063
1.0531500279056063
1.0531500279056063
1.0531500279056063
1.0531500279056063
1.0531500279056063
1.0531500279056063
1.0531500279056063
1.0531500279056063
1.0531500279056063
1.0531500279056063
1.0531500279056063
1.0531500279056063
1.0531500279056063
1.0531500279056063
1.0531500279056063
1.0538077041615683
1.0538077041615683
1.0538077041615683
1.0538077041615683
1.0538077041615683
1.0538077041615683
1.0538077041615683
1.0538077041615683
1.0538077041615683
1.0538077041615683
1.0538077041615683
1.0538077041615683
1.0538077041615683
1.0538077041615683
1.0538077041615683
1.0538077041615683
1.0538077041615683
1.0544672138341138
1.0544672138341138
1.0544672138341138
1.0544672138341138
1.0544672138341138
1.0544672138341138
1.0544672138341138
1.0544672138341138
1.0544672138341138
1.0544672138341138
1.0544672138341138
1.0544672138341138
1.0544672138341138
1.0544672138341138
1.0544672138341138
1.0544672138341138
1.0551285569232478
1.0551285569232478
1.0551285569232478
1.0551285569232478
1.0551285569232478
1.0551285569232478
1.0551285569232478
1.0551285569232478
1.0551285569232478
1.0551285569232478
1.0551285569232478
1.0551285569232478
1.0551285569232478
1.0551285569232478
1.0551285569232478
1.0551285569232478
1.0551285569232478
1.0557917334289666
1.0557917334289666
1.0557917334289666
1.0557917334289666
1.0557917334289666
1.0557917334289666
1.0557917334289666
1.0557917334289666
1.0557917334289666
1.0557917334289666
1.0557917334289666
1.0557917334289666
1.0557917334289666
1.0557917334289666
1.0557917334289666
1.0557917334289666
1.0564567433512708
1.0564567433512708
1.0564567433512708
1.0564567433512708
1.0564567433512708
1.0564567433512708
1.0564567433512708
1.0564567433512708
1.0564567433512708
1.0564567433512708
1.0564567433512708
1.0564567433512708
1.0564567433512708
1.0564567433512708
1.0564567433512708
1.0564567433512708
1.0564567433512708
1.0571235866901627
1.0571235866901627
1.0571235866901627
1.0571235866901627
1.0571235866901627
1.0571235866901627
1.0571235866901627
1.0571235866901627
1.0571235866901627
1.0571235866901627
1.0571235866901627
1.0571235866901627
1.0571235866901627
1.0571235866901627
1.0571235866901627
1.0571235866901627
1.0577922634456431
1.0577922634456431
1.0577922634456431
1.0577922634456431
1.0577922634456431
1.0577922634456431
1.0577922634456431
1.0577922634456431
1.0577922634456431
1.0577922634456431
1.0577922634456431
1.0577922634456431
1.0577922634456431
1.0577922634456431
1.0577922634456431
1.0577922634456431
1.0577922634456431
1.0584627736177052
1.0584627736177052
1.0584627736177052
1.0584627736177052
1.0584627736177052
1.0584627736177052
1.0584627736177052
1.0584627736177052
1.0584627736177052
1.0584627736177052
1.0584627736177052
1.0584627736177052
1.0584627736177052
1.0584627736177052
1.0584627736177052
1.0584627736177052
1.0591351172063566
1.0591351172063566
1.0591351172063566
1.0591351172063566
1.0591351172063566
1.0591351172063566
1.0591351172063566
1.0591351172063566
1.0591351172063566
1.0591351172063566
1.0591351172063566
1.0591351172063566
1.0591351172063566
1.0591351172063566
1.0591351172063566
1.0591351172063566
1.0591351172063566
1.059809294211595
1.059809294211595
1.059809294211595
1.059809294211595
1.059809294211595
1.059809294211595
1.059809294211595
1.059809294211595
1.059809294211595
1.059809294211595
1.059809294211595
1.059809294211595
1.059809294211595
1.059809294211595
1.059809294211595
1.059809294211595
1.060485304633416
1.060485304633416
1.060485304633416
1.060485304633416
1.060485304633416
1.060485304633416
1.060485304633416
1.060485304633416
1.060485304633416
1.060485304633416
1.060485304633416
1.060485304633416
1.060485304633416
1.060485304633416
1.060485304633416
1.060485304633416
1.060485304633416
1.0611631484718265
1.0611631484718265
1.0611631484718265
1.0611631484718265
1.0611631484718265
1.0611631484718265
1.0611631484718265
1.0611631484718265
1.0611631484718265
1.0611631484718265
1.0611631484718265
1.0611631484718265
1.0611631484718265
1.0611631484718265
1.0611631484718265
1.0611631484718265
1.0618428257268213
1.0618428257268213
1.0618428257268213
1.0618428257268213
1.0618428257268213
1.0618428257268213
1.0618428257268213
1.0618428257268213
1.0618428257268213
1.0618428257268213
1.0618428257268213
1.0618428257268213
1.0618428257268213
1.0618428257268213
1.0618428257268213
1.0618428257268213
1.0618428257268213
1.0625243363984036
1.0625243363984036
1.0625243363984036
1.0625243363984036
1.0625243363984036
1.0625243363984036
1.0625243363984036
1.0625243363984036
1.0625243363984036
1.0625243363984036
1.0625243363984036
1.0625243363984036
1.0625243363984036
1.0625243363984036
1.0625243363984036
1.0625243363984036
1.0632076804865729
1.0632076804865729
1.0632076804865729
1.0632076804865729
1.0632076804865729
1.0632076804865729
1.0632076804865729
1.0632076804865729
1.0632076804865729
1.0632076804865729
1.0632076804865729
1.0632076804865729
1.0632076804865729
1.0632076804865729
1.0632076804865729
1.0632076804865729
1.0632076804865729
1.063892857991327
1.063892857991327
1.063892857991327
1.063892857991327
1.063892857991327
1.063892857991327
1.063892857991327
1.063892857991327
1.063892857991327
1.063892857991327
1.063892857991327
1.063892857991327
1.063892857991327
1.063892857991327
1.063892857991327
1.063892857991327
1.0645798689126666
1.0645798689126666
1.0645798689126666
1.0645798689126666
1.0645798689126666
1.0645798689126666
1.0645798689126666
1.0645798689126666
1.0645798689126666
1.0645798689126666
1.0645798689126666
1.0645798689126666
1.0645798689126666
1.0645798689126666
1.0645798689126666
1.0645798689126666
1.0645798689126666
1.0652687132505956
1.0652687132505956
1.0652687132505956
1.0652687132505956
1.0652687132505956
1.0652687132505956
1.0652687132505956
1.0652687132505956
1.0652687132505956
1.0652687132505956
1.0652687132505956
1.0652687132505956
1.0652687132505956
1.0652687132505956
1.0652687132505956
1.0652687132505956
1.0659593910051084
1.0659593910051084
1.0659593910051084
1.0659593910051084
1.0659593910051084
1.0659593910051084
1.0659593910051084
1.0659593910051084
1.0659593910051084
1.0659593910051084
1.0659593910051084
1.0659593910051084
1.0659593910051084
1.0659593910051084
1.0659593910051084
1.0659593910051084
1.0659593910051084
1.0666519021762089
1.0666519021762089
1.0666519021762089
1.0666519021762089
1.0666519021762089
1.0666519021762089
1.0666519021762089
1.0666519021762089
1.0666519021762089
1.0666519021762089
1.0666519021762089
1.0666519021762089
1.0666519021762089
1.0666519021762089
1.0666519021762089
1.0666519021762089
1.0673462467638943
1.0673462467638943
1.0673462467638943
1.0673462467638943
1.0673462467638943
1.0673462467638943
1.0673462467638943
1.0673462467638943
1.0673462467638943
1.0673462467638943
1.0673462467638943
1.0673462467638943
1.0673462467638943
1.0673462467638943
1.0673462467638943
1.0673462467638943
1.0673462467638943
1.0680424247681675
1.0680424247681675
1.0680424247681675
1.0680424247681675
1.0680424247681675
1.0680424247681675
1.0680424247681675
1.0680424247681675
1.0680424247681675
1.0680424247681675
1.0680424247681675
1.0680424247681675
1.0680424247681675
1.0680424247681675
1.0680424247681675
1.0680424247681675
1.0687404361890258
1.0687404361890258
1.0687404361890258
1.0687404361890258
1.0687404361890258
1.0687404361890258
1.0687404361890258
1.0687404361890258
1.0687404361890258
1.0687404361890258
1.0687404361890258
1.0687404361890258
1.0687404361890258
1.0687404361890258
1.0687404361890258
1.0687404361890258
1.0687404361890258
1.0694402810264696
1.0694402810264696
1.0694402810264696
1.0694402810264696
1.0694402810264696
1.0694402810264696
1.0694402810264696
1.0694402810264696
1.0694402810264696
1.0694402810264696
1.0694402810264696
1.0694402810264696
1.0694402810264696
1.0694402810264696
1.0694402810264696
1.0694402810264696
1.0701419592805002
1.0701419592805002
1.0701419592805002
1.0701419592805002
1.0701419592805002
1.0701419592805002
1.0701419592805002
1.0701419592805002
1.0701419592805002
1.0701419592805002
1.0701419592805002
1.0701419592805002
1.0701419592805002
1.0701419592805002
1.0701419592805002
1.0701419592805002
1.0701419592805002
1.0708454709511182
1.0708454709511182
1.0708454709511182
1.0708454709511182
1.0708454709511182
1.0708454709511182
1.0708454709511182
1.0708454709511182
1.0708454709511182
1.0708454709511182
1.0708454709511182
1.0708454709511182
1.0708454709511182
1.0708454709511182
1.0708454709511182
1.0708454709511182
1.0715508160383231
1.0715508160383231
1.0715508160383231
1.0715508160383231
1.0715508160383231
1.0715508160383231
1.0715508160383231
1.0715508160383231
1.0715508160383231
1.0715508160383231
1.0715508160383231
1.0715508160383231
1.0715508160383231
1.0715508160383231
1.0715508160383231
1.0715508160383231
1.0715508160383231
1.0722579945421118
1.0722579945421118
1.0722579945421118
1.0722579945421118
1.0722579945421118
1.0722579945421118
1.0722579945421118
1.0722579945421118
1.0722579945421118
1.0722579945421118
1.0722579945421118
1.0722579945421118
1.0722579945421118
1.0722579945421118
1.0722579945421118
1.0722579945421118
1.0729670064624899
1.0729670064624899
1.0729670064624899
1.0729670064624899
1.0729670064624899
1.0729670064624899
1.0729670064624899
1.0729670064624899
1.0729670064624899
1.0729670064624899
1.0729670064624899
1.0729670064624899
1.0729670064624899
1.0729670064624899
1.0729670064624899
1.0729670064624899
1.0729670064624899
1.0736778517994527
1.0736778517994527
1.0736778517994527
1.0736778517994527
1.0736778517994527
1.0736778517994527
1.0736778517994527
1.0736778517994527
1.0736778517994527
1.0736778517994527
1.0736778517994527
1.0736778517994527
1.0736778517994527
1.0736778517994527
1.0736778517994527
1.0736778517994527
1.0743905305530028
1.0743905305530028
1.0743905305530028
1.0743905305530028
1.0743905305530028
1.0743905305530028
1.0743905305530028
1.0743905305530028
1.0743905305530028
1.0743905305530028
1.0743905305530028
1.0743905305530028
1.0743905305530028
1.0743905305530028
1.0743905305530028
1.0743905305530028
1.0743905305530028
1.0751050427231363
1.0751050427231363
1.0751050427231363
1.0751050427231363
1.0751050427231363
1.0751050427231363
1.0751050427231363
1.0751050427231363
1.0751050427231363
1.0751050427231363
1.0751050427231363
1.0751050427231363
1.0751050427231363
1.0751050427231363
1.0751050427231363
1.0751050427231363
1.0758213883098575
1.0758213883098575
1.0758213883098575
1.0758213883098575
1.0758213883098575
1.0758213883098575
1.0758213883098575
1.0758213883098575
1.0758213883098575
1.0758213883098575
1.0758213883098575
1.0758213883098575
1.0758213883098575
1.0758213883098575
1.0758213883098575
1.0758213883098575
1.0758213883098575
1.0765395673131661
1.0765395673131661
1.0765395673131661
1.0765395673131661
1.0765395673131661
1.0765395673131661
1.0765395673131661
1.0765395673131661
1.0765395673131661
1.0765395673131661
1.0765395673131661
1.0765395673131661
1.0765395673131661
1.0765395673131661
1.0765395673131661
1.0765395673131661
1.0772595797330593
1.0772595797330593
1.0772595797330593
1.0772595797330593
1.0772595797330593
1.0772595797330593
1.0772595797330593
1.0772595797330593
1.0772595797330593
1.0772595797330593
1.0772595797330593
1.0772595797330593
1.0772595797330593
1.0772595797330593
1.0772595797330593
1.0772595797330593
1.0772595797330593
1.0779814255695392
1.0779814255695392
1.0779814255695392
1.0779814255695392
1.0779814255695392
1.0779814255695392
1.0779814255695392
1.0779814255695392
1.0779814255695392
1.0779814255695392
1.0779814255695392
1.0779814255695392
1.0779814255695392
1.0779814255695392
1.0779814255695392
1.0779814255695392
1.0787051048226064
1.0787051048226064
1.0787051048226064
1.0787051048226064
1.0787051048226064
1.0787051048226064
1.0787051048226064
1.0787051048226064
1.0787051048226064
1.0787051048226064
1.0787051048226064
1.0787051048226064
1.0787051048226064
1.0787051048226064
1.0787051048226064
1.0787051048226064
1.0787051048226064
1.0794306174922599
1.0794306174922599
1.0794306174922599
1.0794306174922599
1.0794306174922599
1.0794306174922599
1.0794306174922599
1.0794306174922599
1.0794306174922599
1.0794306174922599
1.0794306174922599
1.0794306174922599
1.0794306174922599
1.0794306174922599
1.0794306174922599
1.0794306174922599
1.0801579635785001
1.0801579635785001
1.0801579635785001
1.0801579635785001
1.0801579635785001
1.0801579635785001
1.0801579635785001
1.0801579635785001
1.0801579635785001
1.0801579635785001
1.0801579635785001
1.0801579635785001
1.0801579635785001
1.0801579635785001
1.0801579635785001
1.0801579635785001
1.0801579635785001
1.0808871430813254
1.0808871430813254
1.0808871430813254
1.0808871430813254
1.0808871430813254
1.0808871430813254
1.0808871430813254
1.0808871430813254
1.0808871430813254
1.0808871430813254
1.0808871430813254
1.0808871430813254
1.0808871430813254
1.0808871430813254
1.0808871430813254
1.0808871430813254
1.0816181560007372
1.0816181560007372
1.0816181560007372
1.0816181560007372
1.0816181560007372
1.0816181560007372
1.0816181560007372
1.0816181560007372
1.0816181560007372
1.0816181560007372
1.0816181560007372
1.0816181560007372
1.0816181560007372
1.0816181560007372
1.0816181560007372
1.0816181560007372
1.0816181560007372
1.0823510023367364
1.0823510023367364
1.0823510023367364
1.0823510023367364
1.0823510023367364
1.0823510023367364
1.0823510023367364
1.0823510023367364
1.0823510023367364
1.0823510023367364
1.0823510023367364
1.0823510023367364
1.0823510023367364
1.0823510023367364
1.0823510023367364
1.0823510023367364
1.0830856820893202
1.0830856820893202
1.0830856820893202
1.0830856820893202
1.0830856820893202
1.0830856820893202
1.0830856820893202
1.0830856820893202
1.0830856820893202
1.0830856820893202
1.0830856820893202
1.0830856820893202
1.0830856820893202
1.0830856820893202
1.0830856820893202
1.0830856820893202
1.0830856820893202
1.0838221952584923
1.0838221952584923
1.0838221952584923
1.0838221952584923
1.0838221952584923
1.0838221952584923
1.0838221952584923
1.0838221952584923
1.0838221952584923
1.0838221952584923
1.0838221952584923
1.0838221952584923
1.0838221952584923
1.0838221952584923
1.0838221952584923
1.0838221952584923
1.084560541844248
1.084560541844248
1.084560541844248
1.084560541844248
1.084560541844248
1.084560541844248
1.084560541844248
1.084560541844248
1.084560541844248
1.084560541844248
1.084560541844248
1.084560541844248
1.084560541844248
1.084560541844248
1.084560541844248
1.084560541844248
1.084560541844248
1.0853007218465915
1.0853007218465915
1.0853007218465915
1.0853007218465915
1.0853007218465915
1.0853007218465915
1.0853007218465915
1.0853007218465915
1.0853007218465915
1.0853007218465915
1.0853007218465915
1.0853007218465915
1.0853007218465915
1.0853007218465915
1.0853007218465915
1.0853007218465915
1.0860427352655209
1.0860427352655209
1.0860427352655209
1.0860427352655209
1.0860427352655209
1.0860427352655209
1.0860427352655209
1.0860427352655209
1.0860427352655209
1.0860427352655209
1.0860427352655209
1.0860427352655209
1.0860427352655209
1.0860427352655209
1.0860427352655209
1.0860427352655209
1.0860427352655209
1.0867865821010354
1.0867865821010354
1.0867865821010354
1.0867865821010354
1.0867865821010354
1.0867865821010354
1.0867865821010354
1.0867865821010354
1.0867865821010354
1.0867865821010354
1.0867865821010354
1.0867865821010354
1.0867865821010354
1.0867865821010354
1.0867865821010354
1.0867865821010354
1.0875322623531387
1.0875322623531387
1.0875322623531387
1.0875322623531387
1.0875322623531387
1.0875322623531387
1.0875322623531387
1.0875322623531387
1.0875322623531387
1.0875322623531387
1.0875322623531387
1.0875322623531387
1.0875322623531387
1.0875322623531387
1.0875322623531387
1.0875322623531387
1.0875322623531387
1.0882797760218283
1.0882797760218283
1.0882797760218283
1.0882797760218283
1.0882797760218283
1.0882797760218283
1.0882797760218283
1.0882797760218283
1.0882797760218283
1.0882797760218283
1.0882797760218283
1.0882797760218283
1.0882797760218283
1.0882797760218283
1.0882797760218283
1.0882797760218283
1.0890291231071039
1.0890291231071039
1.0890291231071039
1.0890291231071039
1.0890291231071039
1.0890291231071039
1.0890291231071039
1.0890291231071039
1.0890291231071039
1.0890291231071039
1.0890291231071039
1.0890291231071039
1.0890291231071039
1.0890291231071039
1.0890291231071039
1.0890291231071039
1.0890291231071039
1.089780303608965
1.089780303608965
1.089780303608965
1.089780303608965
1.089780303608965
1.089780303608965
1.089780303608965
1.089780303608965
1.089780303608965
1.089780303608965
1.089780303608965
1.089780303608965
1.089780303608965
1.089780303608965
1.089780303608965
1.089780303608965
1.0905333175274132
1.0905333175274132
1.0905333175274132
1.0905333175274132
1.0905333175274132
1.0905333175274132
1.0905333175274132
1.0905333175274132
1.0905333175274132
1.0905333175274132
1.0905333175274132
1.0905333175274132
1.0905333175274132
1.0905333175274132
1.0905333175274132
1.0905333175274132
1.0905333175274132
1.091288164862446
1.091288164862446
1.091288164862446
1.091288164862446
1.091288164862446
1.091288164862446
1.091288164862446
1.091288164862446
1.091288164862446
1.091288164862446
1.091288164862446
1.091288164862446
1.091288164862446
1.091288164862446
1.091288164862446
1.091288164862446
1.0920448456140655
1.0920448456140655
1.0920448456140655
1.0920448456140655
1.0920448456140655
1.0920448456140655
1.0920448456140655
1.0920448456140655
1.0920448456140655
1.0920448456140655
1.0920448456140655
1.0920448456140655
1.0920448456140655
1.0920448456140655
1.0920448456140655
1.0920448456140655
1.0920448456140655
1.092803359782273
1.092803359782273
1.092803359782273
1.092803359782273
1.092803359782273
1.092803359782273
1.092803359782273
1.092803359782273
1.092803359782273
1.092803359782273
1.092803359782273
1.092803359782273
1.092803359782273
1.092803359782273
1.092803359782273
1.092803359782273
1.093563707367064
1.093563707367064
1.093563707367064
1.093563707367064
1.093563707367064
1.093563707367064
1.093563707367064
1.093563707367064
1.093563707367064
1.093563707367064
1.093563707367064
1.093563707367064
1.093563707367064
1.093563707367064
1.093563707367064
1.093563707367064
1.093563707367064
1.094325888368444
1.094325888368444
1.094325888368444
1.094325888368444
1.094325888368444
1.094325888368444
1.094325888368444
1.094325888368444
1.094325888368444
1.094325888368444
1.094325888368444
1.094325888368444
1.094325888368444
1.094325888368444
1.094325888368444
1.094325888368444
1.0950899027864103
1.0950899027864103
1.0950899027864103
1.0950899027864103
1.0950899027864103
1.0950899027864103
1.0950899027864103
1.0950899027864103
1.0950899027864103
1.0950899027864103
1.0950899027864103
1.0950899027864103
1.0950899027864103
1.0950899027864103
1.0950899027864103
1.0950899027864103
1.0950899027864103
1.09585575062096
1.09585575062096
1.09585575062096
1.09585575062096
1.09585575062096
1.09585575062096
1.09585575062096
1.09585575062096
1.09585575062096
1.09585575062096
1.09585575062096
1.09585575062096
1.09585575062096
1.09585575062096
1.09585575062096
1.09585575062096
1.096623431872099
1.096623431872099
1.096623431872099
1.096623431872099
1.096623431872099
1.096623431872099
1.096623431872099
1.096623431872099
1.096623431872099
1.096623431872099
1.096623431872099
1.096623431872099
1.096623431872099
1.096623431872099
1.096623431872099
1.096623431872099
1.096623431872099
1.0973929465398227
1.0973929465398227
1.0973929465398227
1.0973929465398227
1.0973929465398227
1.0973929465398227
1.0973929465398227
1.0973929465398227
1.0973929465398227
1.0973929465398227
1.0973929465398227
1.0973929465398227
1.0973929465398227
1.0973929465398227
1.0973929465398227
1.0973929465398227
1.0981642946241337
1.0981642946241337
1.0981642946241337
1.0981642946241337
1.0981642946241337
1.0981642946241337
1.0981642946241337
1.0981642946241337
1.0981642946241337
1.0981642946241337
1.0981642946241337
1.0981642946241337
1.0981642946241337
1.0981642946241337
1.0981642946241337
1.0981642946241337
1.0981642946241337
1.09893747612503
1.09893747612503
1.09893747612503
1.09893747612503
1.09893747612503
1.09893747612503
1.09893747612503
1.09893747612503
1.09893747612503
1.09893747612503
1.09893747612503
1.09893747612503
1.09893747612503
1.09893747612503
1.09893747612503
1.09893747612503
1.0997124910425136
1.0997124910425136
1.0997124910425136
1.0997124910425136
1.0997124910425136
1.0997124910425136
1.0997124910425136
1.0997124910425136
1.0997124910425136
1.0997124910425136
1.0997124910425136
1.0997124910425136
1.0997124910425136
1.0997124910425136
1.0997124910425136
1.0997124910425136
1.0997124910425136
1.1004893393765818
1.1004893393765818
1.1004893393765818
1.1004893393765818
1.1004893393765818
1.1004893393765818
1.1004893393765818
1.1004893393765818
1.1004893393765818
1.1004893393765818
1.1004893393765818
1.1004893393765818
1.1004893393765818
1.1004893393765818
1.1004893393765818
1.1004893393765818
1.1012680211272365
1.1012680211272365
1.1012680211272365
1.1012680211272365
1.1012680211272365
1.1012680211272365
1.1012680211272365
1.1012680211272365
1.1012680211272365
1.1012680211272365
1.1012680211272365
1.1012680211272365
1.1012680211272365
1.1012680211272365
1.1012680211272365
1.1012680211272365
1.1012680211272365
1.1020485362944787
1.1020485362944787
1.1020485362944787
1.1020485362944787
1.1020485362944787
1.1020485362944787
1.1020485362944787
1.1020485362944787
1.1020485362944787
1.1020485362944787
1.1020485362944787
1.1020485362944787
1.1020485362944787
1.1020485362944787
1.1020485362944787
1.1020485362944787
1.102830884878307
1.102830884878307
1.102830884878307
1.102830884878307
1.102830884878307
1.102830884878307
1.102830884878307
1.102830884878307
1.102830884878307
1.102830884878307
1.102830884878307
1.102830884878307
1.102830884878307
1.102830884878307
1.102830884878307
1.102830884878307
1.102830884878307
1.1036150668787208
1.1036150668787208
1.1036150668787208
1.1036150668787208
1.1036150668787208
1.1036150668787208
1.1036150668787208
1.1036150668787208
1.1036150668787208
1.1036150668787208
1.1036150668787208
1.1036150668787208
1.1036150668787208
1.1036150668787208
1.1036150668787208
1.1036150668787208
1.104401082295723
1.104401082295723
1.104401082295723
1.104401082295723
1.104401082295723
1.104401082295723
1.104401082295723
1.104401082295723
1.104401082295723
1.104401082295723
1.104401082295723
1.104401082295723
1.104401082295723
1.104401082295723
1.104401082295723
1.104401082295723
1.104401082295723
1.1051889311293102
1.1051889311293102
1.1051889311293102
1.1051889311293102
1.1051889311293102
1.1051889311293102
1.1051889311293102
1.1051889311293102
1.1051889311293102
1.1051889311293102
1.1051889311293102
1.1051889311293102
1.1051889311293102
1.1051889311293102
1.1051889311293102
1.1051889311293102
1.1059786133794842
1.1059786133794842
1.1059786133794842
1.1059786133794842
1.1059786133794842
1.1059786133794842
1.1059786133794842
1.1059786133794842
1.1059786133794842
1.1059786133794842
1.1059786133794842
1.1059786133794842
1.1059786133794842
1.1059786133794842
1.1059786133794842
1.1059786133794842
1.1059786133794842
1.1067701290462437
1.1067701290462437
1.1067701290462437
1.1067701290462437
1.1067701290462437
1.1067701290462437
1.1067701290462437
1.1067701290462437
1.1067701290462437
1.1067701290462437
1.1067701290462437
1.1067701290462437
1.1067701290462437
1.1067701290462437
1.1067701290462437
1.1067701290462437
1.1075634781295893
1.1075634781295893
1.1075634781295893
1.1075634781295893
1.1075634781295893
1.1075634781295893
1.1075634781295893
1.1075634781295893
1.1075634781295893
1.1075634781295893
1.1075634781295893
1.1075634781295893
1.1075634781295893
1.1075634781295893
1.1075634781295893
1.1075634781295893
1.1075634781295893
1.1083586606295235
1.1083586606295235
1.1083586606295235
1.1083586606295235
1.1083586606295235
1.1083586606295235
1.1083586606295235
1.1083586606295235
1.1083586606295235
1.1083586606295235
1.1083586606295235
1.1083586606295235
1.1083586606295235
1.1083586606295235
1.1083586606295235
1.1083586606295235
1.1091556765460397
1.1091556765460397
1.1091556765460397
1.1091556765460397
1.1091556765460397
1.1091556765460397
1.1091556765460397
1.1091556765460397
1.1091556765460397
1.1091556765460397
1.1091556765460397
1.1091556765460397
1.1091556765460397
1.1091556765460397
1.1091556765460397
1.1091556765460397
1.1091556765460397
1.1099545258791443
1.1099545258791443
1.1099545258791443
1.1099545258791443
1.1099545258791443
1.1099545258791443
1.1099545258791443
1.1099545258791443
1.1099545258791443
1.1099545258791443
1.1099545258791443
1.1099545258791443
1.1099545258791443
1.1099545258791443
1.1099545258791443
1.1099545258791443
1.1107552086288348
1.1107552086288348
1.1107552086288348
1.1107552086288348
1.1107552086288348
1.1107552086288348
1.1107552086288348
1.1107552086288348
1.1107552086288348
1.1107552086288348
1.1107552086288348
1.1107552086288348
1.1107552086288348
1.1107552086288348
1.1107552086288348
1.1107552086288348
1.1107552086288348
1.1115577247951123
1.1115577247951123
1.1115577247951123
1.1115577247951123
1.1115577247951123
1.1115577247951123
1.1115577247951123
1.1115577247951123
1.1115577247951123
1.1115577247951123
1.1115577247951123
1.1115577247951123
1.1115577247951123
1.1115577247951123
1.1115577247951123
1.1115577247951123
1.112362074377978
1.112362074377978
1.112362074377978
1.112362074377978
1.112362074377978
1.112362074377978
1.112362074377978
1.112362074377978
1.112362074377978
1.112362074377978
1.112362074377978
1.112362074377978
1.112362074377978
1.112362074377978
1.112362074377978
1.112362074377978
1.112362074377978
1.1131682573774275
1.1131682573774275
1.1131682573774275
1.1131682573774275
1.1131682573774275
1.1131682573774275
1.1131682573774275
1.1131682573774275
1.1131682573774275
1.1131682573774275
1.1131682573774275
1.1131682573774275
1.1131682573774275
1.1131682573774275
1.1131682573774275
1.1131682573774275
1.1139762737934629
1.1139762737934629
1.1139762737934629
1.1139762737934629
1.1139762737934629
1.1139762737934629
1.1139762737934629
1.1139762737934629
1.1139762737934629
1.1139762737934629
1.1139762737934629
1.1139762737934629
1.1139762737934629
1.1139762737934629
1.1139762737934629
1.1139762737934629
1.1139762737934629
1.1147861236260868
1.1147861236260868
1.1147861236260868
1.1147861236260868
1.1147861236260868
1.1147861236260868
1.1147861236260868
1.1147861236260868
1.1147861236260868
1.1147861236260868
1.1147861236260868
1.1147861236260868
1.1147861236260868
1.1147861236260868
1.1147861236260868
1.1147861236260868
1.1155978068752965
1.1155978068752965
1.1155978068752965
1.1155978068752965
1.1155978068752965
1.1155978068752965
1.1155978068752965
1.1155978068752965
1.1155978068752965
1.1155978068752965
1.1155978068752965
1.1155978068752965
1.1155978068752965
1.1155978068752965
1.1155978068752965
1.1155978068752965
1.1155978068752965
1.116411323541091
1.116411323541091
1.116411323541091
1.116411323541091
1.116411323541091
1.116411323541091
1.116411323541091
1.116411323541091
1.116411323541091
1.116411323541091
1.116411323541091
1.116411323541091
1.116411323541091
1.116411323541091
1.116411323541091
1.116411323541091
1.1172266736234713
1.1172266736234713
1.1172266736234713
1.1172266736234713
1.1172266736234713
1.1172266736234713
1.1172266736234713
1.1172266736234713
1.1172266736234713
1.1172266736234713
1.1172266736234713
1.1172266736234713
1.1172266736234713
1.1172266736234713
1.1172266736234713
1.1172266736234713
1.1172266736234713
1.118043857122439
1.118043857122439
1.118043857122439
1.118043857122439
1.118043857122439
1.118043857122439
1.118043857122439
1.118043857122439
1.118043857122439
1.118043857122439
1.118043857122439
1.118043857122439
1.118043857122439
1.118043857122439
1.118043857122439
1.118043857122439
1.118862874037993
1.118862874037993
1.118862874037993
1.118862874037993
1.118862874037993
1.118862874037993
1.118862874037993
1.118862874037993
1.118862874037993
1.118862874037993
1.118862874037993
1.118862874037993
1.118862874037993
1.118862874037993
1.118862874037993
1.118862874037993
1.118862874037993
1.1196837243701354
1.1196837243701354
1.1196837243701354
1.1196837243701354
1.1196837243701354
1.1196837243701354
1.1196837243701354
1.1196837243701354
1.1196837243701354
1.1196837243701354
1.1196837243701354
1.1196837243701354
1.1196837243701354
1.1196837243701354
1.1196837243701354
1.1196837243701354
1.1205064081188603
1.1205064081188603
1.1205064081188603
1.1205064081188603
1.1205064081188603
1.1205064081188603
1.1205064081188603
1.1205064081188603
1.1205064081188603
1.1205064081188603
1.1205064081188603
1.1205064081188603
1.1205064081188603
1.1205064081188603
1.1205064081188603
1.1205064081188603
1.1205064081188603
1.1213309252841739
1.1213309252841739
1.1213309252841739
1.1213309252841739
1.1213309252841739
1.1213309252841739
1.1213309252841739
1.1213309252841739
1.1213309252841739
1.1213309252841739
1.1213309252841739
1.1213309252841739
1.1213309252841739
1.1213309252841739
1.1213309252841739
1.1213309252841739
1.1221572758660736
1.1221572758660736
1.1221572758660736
1.1221572758660736
1.1221572758660736
1.1221572758660736
1.1221572758660736
1.1221572758660736
1.1221572758660736
1.1221572758660736
1.1221572758660736
1.1221572758660736
1.1221572758660736
1.1221572758660736
1.1221572758660736
1.1221572758660736
1.1221572758660736
1.122985459864558
1.122985459864558
1.122985459864558
1.122985459864558
1.122985459864558
1.122985459864558
1.122985459864558
1.122985459864558
1.122985459864558
1.122985459864558
1.122985459864558
1.122985459864558
1.122985459864558
1.122985459864558
1.122985459864558
1.122985459864558
1.1238154772796314
1.1238154772796314
1.1238154772796314
1.1238154772796314
1.1238154772796314
1.1238154772796314
1.1238154772796314
1.1238154772796314
1.1238154772796314
1.1238154772796314
1.1238154772796314
1.1238154772796314
1.1238154772796314
1.1238154772796314
1.1238154772796314
1.1238154772796314
1.1238154772796314
1.1246473281112879
1.1246473281112879
1.1246473281112879
1.1246473281112879
1.1246473281112879
1.1246473281112879
1.1246473281112879
1.1246473281112879
1.1246473281112879
1.1246473281112879
1.1246473281112879
1.1246473281112879
1.1246473281112879
1.1246473281112879
1.1246473281112879
1.1246473281112879
1.1254810123595336
1.1254810123595336
1.1254810123595336
1.1254810123595336
1.1254810123595336
1.1254810123595336
1.1254810123595336
1.1254810123595336
1.1254810123595336
1.1254810123595336
1.1254810123595336
1.1254810123595336
1.1254810123595336
1.1254810123595336
1.1254810123595336
1.1254810123595336
1.1254810123595336
1.1263165300243618
1.1263165300243618
1.1263165300243618
1.1263165300243618
1.1263165300243618
1.1263165300243618
1.1263165300243618
1.1263165300243618
1.1263165300243618
1.1263165300243618
1.1263165300243618
1.1263165300243618
1.1263165300243618
1.1263165300243618
1.1263165300243618
1.1263165300243618
1.12715388110578
1.12715388110578
1.12715388110578
1.12715388110578
1.12715388110578
1.12715388110578
1.12715388110578
1.12715388110578
1.12715388110578
1.12715388110578
1.12715388110578
1.12715388110578
1.12715388110578
1.12715388110578
1.12715388110578
1.12715388110578
1.12715388110578
1.127993065603784
1.127993065603784
1.127993065603784
1.127993065603784
1.127993065603784
1.127993065603784
1.127993065603784
1.127993065603784
1.127993065603784
1.127993065603784
1.127993065603784
1.127993065603784
1.127993065603784
1.127993065603784
1.127993065603784
1.127993065603784
1.1288340835183734
1.1288340835183734
1.1288340835183734
1.1288340835183734
1.1288340835183734
1.1288340835183734
1.1288340835183734
1.1288340835183734
1.1288340835183734
1.1288340835183734
1.1288340835183734
1.1288340835183734
1.1288340835183734
1.1288340835183734
1.1288340835183734
1.1288340835183734
1.1288340835183734
1.129676934849549
1.129676934849549
1.129676934849549
1.129676934849549
1.129676934849549
1.129676934849549
1.129676934849549
1.129676934849549
1.129676934849549
1.129676934849549
1.129676934849549
1.129676934849549
1.129676934849549
1.129676934849549
1.129676934849549
1.129676934849549
1.1305216195973125
1.1305216195973125
1.1305216195973125
1.1305216195973125
1.1305216195973125
1.1305216195973125
1.1305216195973125
1.1305216195973125
1.1305216195973125
1.1305216195973125
1.1305216195973125
1.1305216195973125
1.1305216195973125
1.1305216195973125
1.1305216195973125
1.1305216195973125
1.1305216195973125
1.1313681377616593
1.1313681377616593
1.1313681377616593
1.1313681377616593
1.1313681377616593
1.1313681377616593
1.1313681377616593
1.1313681377616593
1.1313681377616593
1.1313681377616593
1.1313681377616593
1.1313681377616593
1.1313681377616593
1.1313681377616593
1.1313681377616593
1.1313681377616593
1.1322164893425941
1.1322164893425941
1.1322164893425941
1.1322164893425941
1.1322164893425941
1.1322164893425941
1.1322164893425941
1.1322164893425941
1.1322164893425941
1.1322164893425941
1.1322164893425941
1.1322164893425941
1.1322164893425941
1.1322164893425941
1.1322164893425941
1.1322164893425941
1.1322164893425941
1.1330666743401165
1.1330666743401165
1.1330666743401165
1.1330666743401165
1.1330666743401165
1.1330666743401165
1.1330666743401165
1.1330666743401165
1.1330666743401165
1.1330666743401165
1.1330666743401165
1.1330666743401165
1.1330666743401165
1.1330666743401165
1.1330666743401165
1.1330666743401165
1.1339186927542249
1.1339186927542249
1.1339186927542249
1.1339186927542249
1.1339186927542249
1.1339186927542249
1.1339186927542249
1.1339186927542249
1.1339186927542249
1.1339186927542249
1.1339186927542249
1.1339186927542249
1.1339186927542249
1.1339186927542249
1.1339186927542249
1.1339186927542249
1.1339186927542249
1.1347725445849177
1.1347725445849177
1.1347725445849177
1.1347725445849177
1.1347725445849177
1.1347725445849177
1.1347725445849177
1.1347725445849177
1.1347725445849177
1.1347725445849177
1.1347725445849177
1.1347725445849177
1.1347725445849177
1.1347725445849177
1.1347725445849177
1.1347725445849177
1.1356282298321976
1.1356282298321976
1.1356282298321976
1.1356282298321976
1.1356282298321976
1.1356282298321976
1.1356282298321976
1.1356282298321976
1.1356282298321976
1.1356282298321976
1.1356282298321976
1.1356282298321976
1.1356282298321976
1.1356282298321976
1.1356282298321976
1.1356282298321976
1.1356282298321976
1.1364857484960642
1.1364857484960642
1.1364857484960642
1.1364857484960642
1.1364857484960642
1.1364857484960642
1.1364857484960642
1.1364857484960642
1.1364857484960642
1.1364857484960642
1.1364857484960642
1.1364857484960642
1.1364857484960642
1.1364857484960642
1.1364857484960642
1.1364857484960642
1.137345100576516
1.137345100576516
1.137345100576516
1.137345100576516
1.137345100576516
1.137345100576516
1.137345100576516
1.137345100576516
1.137345100576516
1.137345100576516
1.137345100576516
1.137345100576516
1.137345100576516
1.137345100576516
1.137345100576516
1.137345100576516
1.137345100576516
1.138206286073555
1.138206286073555
1.138206286073555
1.138206286073555
1.138206286073555
1.138206286073555
1.138206286073555
1.138206286073555
1.138206286073555
1.138206286073555
1.138206286073555
1.138206286073555
1.138206286073555
1.138206286073555
1.138206286073555
1.138206286073555
1.1390693049871807
1.1390693049871807
1.1390693049871807
1.1390693049871807
1.1390693049871807
1.1390693049871807
1.1390693049871807
1.1390693049871807
1.1390693049871807
1.1390693049871807
1.1390693049871807
1.1390693049871807
1.1390693049871807
1.1390693049871807
1.1390693049871807
1.1390693049871807
1.1390693049871807
1.1399341573173911
1.1399341573173911
1.1399341573173911
1.1399341573173911
1.1399341573173911
1.1399341573173911
1.1399341573173911
1.1399341573173911
1.1399341573173911
1.1399341573173911
1.1399341573173911
1.1399341573173911
1.1399341573173911
1.1399341573173911
1.1399341573173911
1.1399341573173911
1.14080084306419
1.14080084306419
1.14080084306419
1.14080084306419
1.14080084306419
1.14080084306419
1.14080084306419
1.14080084306419
1.14080084306419
1.14080084306419
1.14080084306419
1.14080084306419
1.14080084306419
1.14080084306419
1.14080084306419
1.14080084306419
1.14080084306419
1.1416693622275724
1.1416693622275724
1.1416693622275724
1.1416693622275724
1.1416693622275724
1.1416693622275724
1.1416693622275724
1.1416693622275724
1.1416693622275724
1.1416693622275724
1.1416693622275724
1.1416693622275724
1.1416693622275724
1.1416693622275724
1.1416693622275724
1.1416693622275724
1.1425397148075427
1.1425397148075427
1.1425397148075427
1.1425397148075427
1.1425397148075427
1.1425397148075427
1.1425397148075427
1.1425397148075427
1.1425397148075427
1.1425397148075427
1.1425397148075427
1.1425397148075427
1.1425397148075427
1.1425397148075427
1.1425397148075427
1.1425397148075427
1.1425397148075427
1.1434119008041002
1.1434119008041002
1.1434119008041002
1.1434119008041002
1.1434119008041002
1.1434119008041002
1.1434119008041002
1.1434119008041002
1.1434119008041002
1.1434119008041002
1.1434119008041002
1.1434119008041002
1.1434119008041002
1.1434119008041002
1.1434119008041002
1.1434119008041002
1.1442859202172426
1.1442859202172426
1.1442859202172426
1.1442859202172426
1.1442859202172426
1.1442859202172426
1.1442859202172426
1.1442859202172426
1.1442859202172426
1.1442859202172426
1.1442859202172426
1.1442859202172426
1.1442859202172426
1.1442859202172426
1.1442859202172426
1.1442859202172426
1.1442859202172426
1.145161773046971
1.145161773046971
1.145161773046971
1.145161773046971
1.145161773046971
1.145161773046971
1.145161773046971
1.145161773046971
1.145161773046971
1.145161773046971
1.145161773046971
1.145161773046971
1.145161773046971
1.145161773046971
1.145161773046971
1.145161773046971
1.146039459293286
1.146039459293286
1.146039459293286
1.146039459293286
1.146039459293286
1.146039459293286
1.146039459293286
1.146039459293286
1.146039459293286
1.146039459293286
1.146039459293286
1.146039459293286
1.146039459293286
1.146039459293286
1.146039459293286
1.146039459293286
1.146039459293286
1.1469189789561898
1.1469189789561898
1.1469189789561898
1.1469189789561898
1.1469189789561898
1.1469189789561898
1.1469189789561898
1.1469189789561898
1.1469189789561898
1.1469189789561898
1.1469189789561898
1.1469189789561898
1.1469189789561898
1.1469189789561898
1.1469189789561898
1.1469189789561898
1.1478003320356787
1.1478003320356787
1.1478003320356787
1.1478003320356787
1.1478003320356787
1.1478003320356787
1.1478003320356787
1.1478003320356787
1.1478003320356787
1.1478003320356787
1.1478003320356787
1.1478003320356787
1.1478003320356787
1.1478003320356787
1.1478003320356787
1.1478003320356787
1.1478003320356787
1.148683518531753
1.148683518531753
1.148683518531753
1.148683518531753
1.148683518531753
1.148683518531753
1.148683518531753
1.148683518531753
1.148683518531753
1.148683518531753
1.148683518531753
1.148683518531753
1.148683518531753
1.148683518531753
1.148683518531753
1.148683518531753
1.1495685384444116
1.1495685384444116
1.1495685384444116
1.1495685384444116
1.1495685384444116
1.1495685384444116
1.1495685384444116
1.1495685384444116
1.1495685384444116
1.1495685384444116
1.1495685384444116
1.1495685384444116
1.1495685384444116
1.1495685384444116
1.1495685384444116
1.1495685384444116
1.1495685384444116
1.15045539177366
1.15045539177366
1.15045539177366
1.15045539177366
1.15045539177366
1.15045539177366
1.15045539177366
1.15045539177366
1.15045539177366
1.15045539177366
1.15045539177366
1.15045539177366
1.15045539177366
1.15045539177366
1.15045539177366
1.15045539177366
1.151344078519492
1.151344078519492
1.151344078519492
1.151344078519492
1.151344078519492
1.151344078519492
1.151344078519492
1.151344078519492
1.151344078519492
1.151344078519492
1.151344078519492
1.151344078519492
1.151344078519492
1.151344078519492
1.151344078519492
1.151344078519492
1.151344078519492
1.1522345986819116
1.1522345986819116
1.1522345986819116
1.1522345986819116
1.1522345986819116
1.1522345986819116
1.1522345986819116
1.1522345986819116
1.1522345986819116
1.1522345986819116
1.1522345986819116
1.1522345986819116
1.1522345986819116
1.1522345986819116
1.1522345986819116
1.1522345986819116
1.1531269522609187
1.1531269522609187
1.1531269522609187
1.1531269522609187
1.1531269522609187
1.1531269522609187
1.1531269522609187
1.1531269522609187
1.1531269522609187
1.1531269522609187
1.1531269522609187
1.1531269522609187
1.1531269522609187
1.1531269522609187
1.1531269522609187
1.1531269522609187
1.1531269522609187
1.1540211392565094
1.1540211392565094
1.1540211392565094
1.1540211392565094
1.1540211392565094
1.1540211392565094
1.1540211392565094
1.1540211392565094
1.1540211392565094
1.1540211392565094
1.1540211392565094
1.1540211392565094
1.1540211392565094
1.1540211392565094
1.1540211392565094
1.1540211392565094
1.1549171596686896
1.1549171596686896
1.1549171596686896
1.1549171596686896
1.1549171596686896
1.1549171596686896
1.1549171596686896
1.1549171596686896
1.1549171596686896
1.1549171596686896
1.1549171596686896
1.1549171596686896
1.1549171596686896
1.1549171596686896
1.1549171596686896
1.1549171596686896
1.1549171596686896
1.1558150134974527
1.1558150134974527
1.1558150134974527
1.1558150134974527
1.1558150134974527
1.1558150134974527
1.1558150134974527
1.1558150134974527
1.1558150134974527
1.1558150134974527
1.1558150134974527
1.1558150134974527
1.1558150134974527
1.1558150134974527
1.1558150134974527
1.1558150134974527
1.1567147007428056
1.1567147007428056
1.1567147007428056
1.1567147007428056
1.1567147007428056
1.1567147007428056
1.1567147007428056
1.1567147007428056
1.1567147007428056
1.1567147007428056
1.1567147007428056
1.1567147007428056
1.1567147007428056
1.1567147007428056
1.1567147007428056
1.1567147007428056
1.1567147007428056
1.157616221404741
1.157616221404741
1.157616221404741
1.157616221404741
1.157616221404741
1.157616221404741
1.157616221404741
1.157616221404741
1.157616221404741
1.157616221404741
1.157616221404741
1.157616221404741
1.157616221404741
1.157616221404741
1.157616221404741
1.157616221404741
1.1585195754832645
1.1585195754832645
1.1585195754832645
1.1585195754832645
1.1585195754832645
1.1585195754832645
1.1585195754832645
1.1585195754832645
1.1585195754832645
1.1585195754832645
1.1585195754832645
1.1585195754832645
1.1585195754832645
1.1585195754832645
1.1585195754832645
1.1585195754832645
1.1585195754832645
1.1594247629783745
1.1594247629783745
1.1594247629783745
1.1594247629783745
1.1594247629783745
1.1594247629783745
1.1594247629783745
1.1594247629783745
1.1594247629783745
1.1594247629783745
1.1594247629783745
1.1594247629783745
1.1594247629783745
1.1594247629783745
1.1594247629783745
1.1594247629783745
1.160331783890072
1.160331783890072
1.160331783890072
1.160331783890072
1.160331783890072
1.160331783890072
1.160331783890072
1.160331783890072
1.160331783890072
1.160331783890072
1.160331783890072
1.160331783890072
1.160331783890072
1.160331783890072
1.160331783890072
1.160331783890072
1.160331783890072
1.1612406382183544
1.1612406382183544
1.1612406382183544
1.1612406382183544
1.1612406382183544
1.1612406382183544
1.1612406382183544
1.1612406382183544
1.1612406382183544
1.1612406382183544
1.1612406382183544
1.1612406382183544
1.1612406382183544
1.1612406382183544
1.1612406382183544
1.1612406382183544
1.1621513259632252
1.1621513259632252
1.1621513259632252
1.1621513259632252
1.1621513259632252
1.1621513259632252
1.1621513259632252
1.1621513259632252
1.1621513259632252
1.1621513259632252
1.1621513259632252
1.1621513259632252
1.1621513259632252
1.1621513259632252
1.1621513259632252
1.1621513259632252
1.1621513259632252
1.1630638471246784
1.1630638471246784
1.1630638471246784
1.1630638471246784
1.1630638471246784
1.1630638471246784
1.1630638471246784
1.1630638471246784
1.1630638471246784
1.1630638471246784
1.1630638471246784
1.1630638471246784
1.1630638471246784
1.1630638471246784
1.1630638471246784
1.1630638471246784
1.163978201702719
1.163978201702719
1.163978201702719
1.163978201702719
1.163978201702719
1.163978201702719
1.163978201702719
1.163978201702719
1.163978201702719
1.163978201702719
1.163978201702719
1.163978201702719
1.163978201702719
1.163978201702719
1.163978201702719
1.163978201702719
1.163978201702719
1.1648943896973476
1.1648943896973476
1.1648943896973476
1.1648943896973476
1.1648943896973476
1.1648943896973476
1.1648943896973476
1.1648943896973476
1.1648943896973476
1.1648943896973476
1.1648943896973476
1.1648943896973476
1.1648943896973476
1.1648943896973476
1.1648943896973476
1.1648943896973476
1.1658124111085615
1.1658124111085615
1.1658124111085615
1.1658124111085615
1.1658124111085615
1.1658124111085615
1.1658124111085615
1.1658124111085615
1.1658124111085615
1.1658124111085615
1.1658124111085615
1.1658124111085615
1.1658124111085615
1.1658124111085615
1.1658124111085615
1.1658124111085615
1.1658124111085615
1.1667322659363604
1.1667322659363604
1.1667322659363604
1.1667322659363604
1.1667322659363604
1.1667322659363604
1.1667322659363604
1.1667322659363604
1.1667322659363604
1.1667322659363604
1.1667322659363604
1.1667322659363604
1.1667322659363604
1.1667322659363604
1.1667322659363604
1.1667322659363604
1.1676539541807476
1.1676539541807476
1.1676539541807476
1.1676539541807476
1.1676539541807476
1.1676539541807476
1.1676539541807476
1.1676539541807476
1.1676539541807476
1.1676539541807476
1.1676539541807476
1.1676539541807476
1.1676539541807476
1.1676539541807476
1.1676539541807476
1.1676539541807476
1.1676539541807476
1.1685774758417204
1.1685774758417204
1.1685774758417204
1.1685774758417204
1.1685774758417204
1.1685774758417204
1.1685774758417204
1.1685774758417204
1.1685774758417204
1.1685774758417204
1.1685774758417204
1.1685774758417204
1.1685774758417204
1.1685774758417204
1.1685774758417204
1.1685774758417204
1.169502830919281
1.169502830919281
1.169502830919281
1.169502830919281
1.169502830919281
1.169502830919281
1.169502830919281
1.169502830919281
1.169502830919281
1.169502830919281
1.169502830919281
1.169502830919281
1.169502830919281
1.169502830919281
1.169502830919281
1.169502830919281
1.169502830919281
1.1704300194134243
1.1704300194134243
1.1704300194134243
1.1704300194134243
1.1704300194134243
1.1704300194134243
1.1704300194134243
1.1704300194134243
1.1704300194134243
1.1704300194134243
1.1704300194134243
1.1704300194134243
1.1704300194134243
1.1704300194134243
1.1704300194134243
1.1704300194134243
1.1713590413241577
1.1713590413241577
1.1713590413241577
1.1713590413241577
1.1713590413241577
1.1713590413241577
1.1713590413241577
1.1713590413241577
1.1713590413241577
1.1713590413241577
1.1713590413241577
1.1713590413241577
1.1713590413241577
1.1713590413241577
1.1713590413241577
1.1713590413241577
1.1713590413241577
1.1722898966514745
1.1722898966514745
1.1722898966514745
1.1722898966514745
1.1722898966514745
1.1722898966514745
1.1722898966514745
1.1722898966514745
1.1722898966514745
1.1722898966514745
1.1722898966514745
1.1722898966514745
1.1722898966514745
1.1722898966514745
1.1722898966514745
1.1722898966514745
1.1732225853953782
1.1732225853953782
1.1732225853953782
1.1732225853953782
1.1732225853953782
1.1732225853953782
1.1732225853953782
1.1732225853953782
1.1732225853953782
1.1732225853953782
1.1732225853953782
1.1732225853953782
1.1732225853953782
1.1732225853953782
1.1732225853953782
1.1732225853953782
1.1732225853953782
1.1741571075558705
1.1741571075558705
1.1741571075558705
1.1741571075558705
1.1741571075558705
1.1741571075558705
1.1741571075558705
1.1741571075558705
1.1741571075558705
1.1741571075558705
1.1741571075558705
1.1741571075558705
1.1741571075558705
1.1741571075558705
1.1741571075558705
1.1741571075558705
1.1750934631329466
1.1750934631329466
1.1750934631329466
1.1750934631329466
1.1750934631329466
1.1750934631329466
1.1750934631329466
1.1750934631329466
1.1750934631329466
1.1750934631329466
1.1750934631329466
1.1750934631329466
1.1750934631329466
1.1750934631329466
1.1750934631329466
1.1750934631329466
1.1750934631329466
1.1760316521266094
1.1760316521266094
1.1760316521266094
1.1760316521266094
1.1760316521266094
1.1760316521266094
1.1760316521266094
1.1760316521266094
1.1760316521266094
1.1760316521266094
1.1760316521266094
1.1760316521266094
1.1760316521266094
1.1760316521266094
1.1760316521266094
1.1760316521266094
1.1769716745368584
1.1769716745368584
1.1769716745368584
1.1769716745368584
1.1769716745368584
1.1769716745368584
1.1769716745368584
1.1769716745368584
1.1769716745368584
1.1769716745368584
1.1769716745368584
1.1769716745368584
1.1769716745368584
1.1769716745368584
1.1769716745368584
1.1769716745368584
1.1769716745368584
1.1779135303636934
1.1779135303636934
1.1779135303636934
1.1779135303636934
1.1779135303636934
1.1779135303636934
1.1779135303636934
1.1779135303636934
1.1779135303636934
1.1779135303636934
1.1779135303636934
1.1779135303636934
1.1779135303636934
1.1779135303636934
1.1779135303636934
1.1779135303636934
1.1788572196071185
1.1788572196071185
1.1788572196071185
1.1788572196071185
1.1788572196071185
1.1788572196071185
1.1788572196071185
1.1788572196071185
1.1788572196071185
1.1788572196071185
1.1788572196071185
1.1788572196071185
1.1788572196071185
1.1788572196071185
1.1788572196071185
1.1788572196071185
1.1788572196071185
1.179802742267125
1.179802742267125
1.179802742267125
1.179802742267125
1.179802742267125
1.179802742267125
1.179802742267125
1.179802742267125
1.179802742267125
1.179802742267125
1.179802742267125
1.179802742267125
1.179802742267125
1.179802742267125
1.179802742267125
1.179802742267125
1.1807500983437205
1.1807500983437205
1.1807500983437205
1.1807500983437205
1.1807500983437205
1.1807500983437205
1.1807500983437205
1.1807500983437205
1.1807500983437205
1.1807500983437205
1.1807500983437205
1.1807500983437205
1.1807500983437205
1.1807500983437205
1.1807500983437205
1.1807500983437205
1.1807500983437205
1.1816992878369015
1.1816992878369015
1.1816992878369015
1.1816992878369015
1.1816992878369015
1.1816992878369015
1.1816992878369015
1.1816992878369015
1.1816992878369015
1.1816992878369015
1.1816992878369015
1.1816992878369015
1.1816992878369015
1.1816992878369015
1.1816992878369015
1.1816992878369015
1.1826503107466682
1.1826503107466682
1.1826503107466682
1.1826503107466682
1.1826503107466682
1.1826503107466682
1.1826503107466682
1.1826503107466682
1.1826503107466682
1.1826503107466682
1.1826503107466682
1.1826503107466682
1.1826503107466682
1.1826503107466682
1.1826503107466682
1.1826503107466682
1.1826503107466682
1.1836031670730232
1.1836031670730232
1.1836031670730232
1.1836031670730232
1.1836031670730232
1.1836031670730232
1.1836031670730232
1.1836031670730232
1.1836031670730232
1.1836031670730232
1.1836031670730232
1.1836031670730232
1.1836031670730232
1.1836031670730232
1.1836031670730232
1.1836031670730232
1.184557856815963
1.184557856815963
1.184557856815963
1.184557856815963
1.184557856815963
1.184557856815963
1.184557856815963
1.184557856815963
1.184557856815963
1.184557856815963
1.184557856815963
1.184557856815963
1.184557856815963
1.184557856815963
1.184557856815963
1.184557856815963
1.184557856815963
1.1855143799754884
1.1855143799754884
1.1855143799754884
1.1855143799754884
1.1855143799754884
1.1855143799754884
1.1855143799754884
1.1855143799754884
1.1855143799754884
1.1855143799754884
1.1855143799754884
1.1855143799754884
1.1855143799754884
1.1855143799754884
1.1855143799754884
1.1855143799754884
1.186472736551601
1.186472736551601
1.186472736551601
1.186472736551601
1.186472736551601
1.186472736551601
1.186472736551601
1.186472736551601
1.186472736551601
1.186472736551601
1.186472736551601
1.186472736551601
1.186472736551601
1.186472736551601
1.186472736551601
1.186472736551601
1.186472736551601
1.1874329265442989
1.1874329265442989
1.1874329265442989
1.1874329265442989
1.1874329265442989
1.1874329265442989
1.1874329265442989
1.1874329265442989
1.1874329265442989
1.1874329265442989
1.1874329265442989
1.1874329265442989
1.1874329265442989
1.1874329265442989
1.1874329265442989
1.1874329265442989
1.1883949499535849
1.1883949499535849
1.1883949499535849
1.1883949499535849
1.1883949499535849
1.1883949499535849
1.1883949499535849
1.1883949499535849
1.1883949499535849
1.1883949499535849
1.1883949499535849
1.1883949499535849
1.1883949499535849
1.1883949499535849
1.1883949499535849
1.1883949499535849
1.1883949499535849
1.1893588067794545
1.1893588067794545
1.1893588067794545
1.1893588067794545
1.1893588067794545
1.1893588067794545
1.1893588067794545
1.1893588067794545
1.1893588067794545
1.1893588067794545
1.1893588067794545
1.1893588067794545
1.1893588067794545
1.1893588067794545
1.1893588067794545
1.1893588067794545
1.1903244970219122
1.1903244970219122
1.1903244970219122
1.1903244970219122
1.1903244970219122
1.1903244970219122
1.1903244970219122
1.1903244970219122
1.1903244970219122
1.1903244970219122
1.1903244970219122
1.1903244970219122
1.1903244970219122
1.1903244970219122
1.1903244970219122
1.1903244970219122
1.1903244970219122
1.1912920206809567
1.1912920206809567
1.1912920206809567
1.1912920206809567
1.1912920206809567
1.1912920206809567
1.1912920206809567
1.1912920206809567
1.1912920206809567
1.1912920206809567
1.1912920206809567
1.1912920206809567
1.1912920206809567
1.1912920206809567
1.1912920206809567
1.1912920206809567
1.1922613777565874
1.1922613777565874
1.1922613777565874
1.1922613777565874
1.1922613777565874
1.1922613777565874
1.1922613777565874
1.1922613777565874
1.1922613777565874
1.1922613777565874
1.1922613777565874
1.1922613777565874
1.1922613777565874
1.1922613777565874
1.1922613777565874
1.1922613777565874
1.1922613777565874
1.193232568248803
1.193232568248803
1.193232568248803
1.193232568248803
1.193232568248803
1.193232568248803
1.193232568248803
1.193232568248803
1.193232568248803
1.193232568248803
1.193232568248803
1.193232568248803
1.193232568248803
1.193232568248803
1.193232568248803
1.193232568248803
1.1942055921576078
1.1942055921576078
1.1942055921576078
1.1942055921576078
1.1942055921576078
1.1942055921576078
1.1942055921576078
1.1942055921576078
1.1942055921576078
1.1942055921576078
1.1942055921576078
1.1942055921576078
1.1942055921576078
1.1942055921576078
1.1942055921576078
1.1942055921576078
1.1942055921576078
1.1951804494829967
1.1951804494829967
1.1951804494829967
1.1951804494829967
1.1951804494829967
1.1951804494829967
1.1951804494829967
1.1951804494829967
1.1951804494829967
1.1951804494829967
1.1951804494829967
1.1951804494829967
1.1951804494829967
1.1951804494829967
1.1951804494829967
1.1951804494829967
1.19615714022497
1.19615714022497
1.19615714022497
1.19615714022497
1.19615714022497
1.19615714022497
1.19615714022497
1.19615714022497
1.19615714022497
1.19615714022497
1.19615714022497
1.19615714022497
1.19615714022497
1.19615714022497
1.19615714022497
1.19615714022497
1.19615714022497
1.1971356643835327
1.1971356643835327
1.1971356643835327
1.1971356643835327
1.1971356643835327
1.1971356643835327
1.1971356643835327
1.1971356643835327
1.1971356643835327
1.1971356643835327
1.1971356643835327
1.1971356643835327
1.1971356643835327
1.1971356643835327
1.1971356643835327
1.1971356643835327
1.198116021958679
1.198116021958679
1.198116021958679
1.198116021958679
1.198116021958679
1.198116021958679
1.198116021958679
1.198116021958679
1.198116021958679
1.198116021958679
1.198116021958679
1.198116021958679
1.198116021958679
1.198116021958679
1.198116021958679
1.198116021958679
1.198116021958679
1.1990982129504149
1.1990982129504149
1.1990982129504149
1.1990982129504149
1.1990982129504149
1.1990982129504149
1.1990982129504149
1.1990982129504149
1.1990982129504149
1.1990982129504149
1.1990982129504149
1.1990982129504149
1.1990982129504149
1.1990982129504149
1.1990982129504149
1.1990982129504149
1.200082237358735
1.200082237358735
1.200082237358735
1.200082237358735
1.200082237358735
1.200082237358735
1.200082237358735
1.200082237358735
1.200082237358735
1.200082237358735
1.200082237358735
1.200082237358735
1.200082237358735
1.200082237358735
1.200082237358735
1.200082237358735
1.200082237358735
1.201068095183644
1.201068095183644
1.201068095183644
1.201068095183644
1.201068095183644
1.201068095183644
1.201068095183644
1.201068095183644
1.201068095183644
1.201068095183644
1.201068095183644
1.201068095183644
1.201068095183644
1.201068095183644
1.201068095183644
1.201068095183644
1.202055786425136
1.202055786425136
1.202055786425136
1.202055786425136
1.202055786425136
1.202055786425136
1.202055786425136
1.202055786425136
1.202055786425136
1.202055786425136
1.202055786425136
1.202055786425136
1.202055786425136
1.202055786425136
1.202055786425136
1.202055786425136
1.202055786425136
1.2030453110832156
1.2030453110832156
1.2030453110832156
1.2030453110832156
1.2030453110832156
1.2030453110832156
1.2030453110832156
1.2030453110832156
1.2030453110832156
1.2030453110832156
1.2030453110832156
1.2030453110832156
1.2030453110832156
1.2030453110832156
1.2030453110832156
1.2030453110832156
1.2040366691578797
1.2040366691578797
1.2040366691578797
1.2040366691578797
1.2040366691578797
1.2040366691578797
1.2040366691578797
1.2040366691578797
1.2040366691578797
1.2040366691578797
1.2040366691578797
1.2040366691578797
1.2040366691578797
1.2040366691578797
1.2040366691578797
1.2040366691578797
1.2040366691578797
1.2050298606491328
1.2050298606491328
1.2050298606491328
1.2050298606491328
1.2050298606491328
1.2050298606491328
1.2050298606491328
1.2050298606491328
1.2050298606491328
1.2050298606491328
1.2050298606491328
1.2050298606491328
1.2050298606491328
1.2050298606491328
1.2050298606491328
1.2050298606491328
1.2060248855569713
1.2060248855569713
1.2060248855569713
1.2060248855569713
1.2060248855569713
1.2060248855569713
1.2060248855569713
1.2060248855569713
1.2060248855569713
1.2060248855569713
1.2060248855569713
1.2060248855569713
1.2060248855569713
1.2060248855569713
1.2060248855569713
1.2060248855569713
1.2060248855569713
1.207021743881397
1.207021743881397
1.207021743881397
1.207021743881397
1.207021743881397
1.207021743881397
1.207021743881397
1.207021743881397
1.207021743881397
1.207021743881397
1.207021743881397
1.207021743881397
1.207021743881397
1.207021743881397
1.207021743881397
1.207021743881397
1.2080204356224058